516.06535 646.77579 0.00000
480.68095 615.71488 0.00000
-17.98598 309.18967 0.00000
259.03361 665.37735 0.00000
-199.34105 124.56955 0.00000
413.75138 643.53006 0.00000
-44.38576 427.56986 0.00000
658.51347 541.06412 0.00000
230.73399 559.70072 0.00000
270.82841 604.65165 0.00000
159.17356 595.29850 0.00000
812.59794 525.42899 0.00000
364.43486 547.90458 0.00000
39.44444 482.78141 0.00000
403.89604 569.33304 0.00000
164.55644 481.62967 0.00000
76.25370 523.16056 0.00000
-17.66939 384.92228 0.00000
-82.65953 141.81009 0.00000
751.96159 536.03861 0.00000
461.72221 615.54044 0.00000
825.50102 499.60319 0.00000
265.36644 639.55143 0.00000
-189.16903 41.33347 0.00000
-40.42781 174.37162 0.00000
768.42680 534.29361 0.00000
774.60124 488.88895 0.00000
181.06126 471.68326 0.00000
281.51500 564.62150 0.00000
79.18260 366.11124 0.00000
-175.63268 -67.79830 0.00000
-102.09325 104.64176 0.00000
514.36344 549.64945 0.00000
891.36186 487.35331 0.00000
-325.79879 -431.66400 0.00000
309.14177 636.65482 0.00000
268.13700 587.93461 0.00000
204.69041 558.89798 0.00000
581.64933 595.92667 0.00000
372.90495 583.74662 0.00000
252.89872 566.12223 0.00000
506.52665 563.26041 0.00000
23.69163 489.97074 0.00000
59.55101 347.99833 0.00000
133.88200 418.28653 0.00000
244.46824 544.90311 0.00000
324.49876 577.67411 0.00000
-39.39870 175.34879 0.00000
-85.11348 326.77915 0.00000
-106.68453 333.41019 0.00000
690.69181 578.79093 0.00000
152.52415 628.94193 0.00000
250.68229 577.01102 0.00000
51.39756 517.75101 0.00000
63.46940 365.02945 0.00000
285.75004 609.04899 0.00000
-283.09209 -337.29483 0.00000
-297.34084 -345.46139 0.00000
98.89341 512.76041 0.00000
818.81193 456.57169 0.00000
-9.71383 345.59025 0.00000
-75.49556 87.95963 0.00000
-135.02373 252.82645 0.00000
538.03227 615.05179 0.00000
-251.62609 -169.88034 0.00000
-298.40950 -263.72598 0.00000
734.62553 577.29020 0.00000
-263.02507 -300.12652 0.00000
-198.07448 -158.50302 0.00000
-223.80141 -2.22152 0.00000
602.27043 549.30045 0.00000
-139.61498 271.14884 0.00000
261.40843 609.95646 0.00000
127.94505 591.00577 0.00000
168.07902 583.29300 0.00000
-172.03093 180.86295 0.00000
253.01750 581.26871 0.00000
773.80961 486.37613 0.00000
116.34813 581.51310 0.00000
476.48552 594.63541 0.00000
-183.50908 -24.45272 0.00000
609.15727 615.92423 0.00000
10.31364 259.73661 0.00000
424.67546 572.78812 0.00000
302.05699 531.53653 0.00000
-295.08480 -257.40911 0.00000
404.88548 654.55839 0.00000
-207.25701 -64.97146 0.00000
-191.90001 -196.19482 0.00000
422.22148 607.86246 0.00000
738.74186 570.62430 0.00000
-65.67977 200.47666 0.00000
140.92723 572.61356 0.00000
109.93620 409.03812 0.00000
198.91178 537.32987 0.00000
-94.05855 86.73813 0.00000
647.94560 578.86063 0.00000
15.22154 353.86149 0.00000
423.21098 561.27115 0.00000
-67.30254 228.46634 0.00000
-283.56704 -412.12008 0.00000
880.00248 462.36503 0.00000
-64.92775 203.16398 0.00000
-237.06069 -210.22454 0.00000
711.39213 564.16788 0.00000
-201.32003 -239.99411 0.00000
914.67448 477.54642 0.00000
-31.91811 167.11246 0.00000
607.89079 593.16959 0.00000
-149.86620 133.46903 0.00000
-52.18300 272.16092 0.00000
-106.32830 -3.40811 0.00000
126.71806 552.44144 0.00000
-184.02364 78.78098 0.00000
297.06987 649.00931 0.00000
400.01719 574.46329 0.00000
-197.28289 -217.55352 0.00000
-264.96450 -373.38125 0.00000
-305.81093 -276.25503 0.00000
40.15684 297.32371 0.00000
2.47679 431.93241 0.00000
544.99833 579.38419 0.00000
175.55967 489.76139 0.00000
307.00444 525.63846 0.00000
743.29350 530.31498 0.00000
828.54863 478.94242 0.00000
444.38621 602.45292 0.00000
-0.88747 466.62284 0.00000
726.86784 566.19205 0.00000
-290.41436 -395.15875 0.00000
-198.94524 -99.48739 0.00000
939.05571 455.55961 0.00000
-40.66530 157.82908 0.00000
-180.69890 170.46280 0.00000
178.44896 610.47989 0.00000
268.29533 517.57657 0.00000
-185.72557 -182.09527 0.00000
459.14958 557.67643 0.00000
-213.43148 -143.98464 0.00000
-240.62285 -149.04513 0.00000
-107.95110 257.50303 0.00000
-171.99135 2.42014 0.00000
363.52452 550.20792 0.00000
-53.56832 120.10239 0.00000
448.70042 558.47916 0.00000
-41.33815 334.94571 0.00000
-198.39113 -65.77413 0.00000
421.11326 589.05143 0.00000
-195.38305 -170.43875 0.00000
-152.63677 -88.59866 0.00000
581.29301 554.32609 0.00000
600.84550 565.31949 0.00000
798.66581 509.79386 0.00000
460.29740 586.60843 0.00000
-319.62432 -402.69711 0.00000
800.48649 477.26725 0.00000
197.01194 465.99466 0.00000
90.66081 337.98197 0.00000
25.11650 335.95780 0.00000
87.81102 366.98380 0.00000
536.52824 589.12125 0.00000
-199.49935 44.33481 0.00000
284.24601 666.59879 0.00000
597.20414 579.69828 0.00000
-141.87105 3.53690 0.00000
335.06657 623.88151 0.00000
-21.70650 316.16965 0.00000
814.57695 513.03959 0.00000
762.60856 545.14737 0.00000
375.20060 567.62296 0.00000
-53.60793 161.80765 0.00000
-32.86806 170.53263 0.00000
134.39659 543.40238 0.00000
79.65757 540.68021 0.00000
-72.40834 199.91831 0.00000
213.55632 632.15275 0.00000
320.85740 563.50480 0.00000
-112.26528 290.27396 0.00000
-66.66927 195.24173 0.00000
-44.90035 398.77750 0.00000
-176.82009 -64.30838 0.00000
113.34007 607.26908 0.00000
81.91362 416.82071 0.00000
824.94682 482.71158 0.00000
-85.98424 312.85416 0.00000
-128.29515 115.98417 0.00000
775.23454 539.17960 0.00000
25.67063 494.47281 0.00000
259.74607 615.74979 0.00000
699.91398 591.70377 0.00000
-159.44451 72.46409 0.00000
1.92271 279.48990 0.00000
788.33549 526.58072 0.00000
-282.45879 -384.30490 0.00000
670.46659 565.87797 0.00000
-283.48787 -350.52188 0.00000
151.85130 505.50126 0.00000
-162.21511 8.98130 0.00000
33.54704 278.75699 0.00000
-31.20571 222.35886 0.00000
-209.71099 -196.71832 0.00000
-253.36760 -324.24230 0.00000
-166.96471 139.61136 0.00000
726.86784 516.14567 0.00000
-29.70168 360.24808 0.00000
-148.91628 -100.49948 0.00000
-101.49956 53.12961 0.00000
264.69352 537.19022 0.00000
-20.43996 373.40531 0.00000
-209.71099 -191.55313 0.00000
916.77214 463.58646 0.00000
-78.50365 141.18186 0.00000
540.48625 570.38004 0.00000
822.53251 494.50773 0.00000
876.28190 468.47245 0.00000
168.63316 494.54264 0.00000
737.91069 519.84501 0.00000
-212.60030 84.22532 0.00000
-47.23555 143.79935 0.00000
-281.90468 -353.06954 0.00000
-200.37011 -165.55276 0.00000
-282.45879 -236.05041 0.00000
123.94749 582.03653 0.00000
745.47038 535.68961 0.00000
-241.17699 -276.63891 0.00000
-175.94933 -106.99087 0.00000
41.62132 387.88883 0.00000
35.44682 325.87180 0.00000
530.47245 603.04630 0.00000
28.00584 343.28678 0.00000
-170.68520 37.80857 0.00000
427.76268 608.66507 0.00000
-268.72460 -136.55099 0.00000
-174.60363 -154.41970 0.00000
-246.24321 -305.81518 0.00000
886.17692 465.26175 0.00000
-117.45025 120.69565 0.00000
-234.36925 -221.18310 0.00000
493.70280 575.26603 0.00000
-101.18291 291.66996 0.00000
-0.45211 288.70347 0.00000
-300.23018 -248.85867 0.00000
-96.23543 326.63956 0.00000
124.22453 541.30851 0.00000
337.83720 623.56730 0.00000
-29.66207 265.14609 0.00000
-134.50917 -16.04190 0.00000
266.03929 636.68973 0.00000
636.74443 598.78849 0.00000
22.50419 324.72007 0.00000
795.10356 482.25797 0.00000
-30.57241 412.07438 0.00000
-169.73528 141.77518 0.00000
950.05888 464.52884 0.00000
-7.22030 466.30875 0.00000
1.24980 317.42600 0.00000
-106.32830 175.52329 0.00000
848.14067 503.05826 0.00000
-260.33364 -134.00332 0.00000
-176.78051 24.96543 0.00000
675.33488 570.69413 0.00000
-296.47008 -284.87530 0.00000
-191.90001 67.64792 0.00000
743.13517 556.59452 0.00000
-240.22707 -160.42251 0.00000
-63.50286 240.29740 0.00000
-255.46532 -72.50979 0.00000
316.58281 576.17338 0.00000
617.58781 624.26529 0.00000
-209.59224 -58.16598 0.00000
190.48124 501.80179 0.00000
-118.75640 182.11936 0.00000
827.91532 461.00394 0.00000
-173.93074 79.58365 0.00000
-272.99923 -125.76693 0.00000
458.63505 566.05240 0.00000
64.69639 438.10965 0.00000
14.35075 368.34488 0.00000
241.97471 538.20231 0.00000
-153.90334 -77.36087 0.00000
98.37889 473.32352 0.00000
-322.59281 -396.76416 0.00000
826.45085 499.04471 0.00000
-266.46853 -214.20312 0.00000
-187.22960 69.98618 0.00000
-189.84188 40.98447 0.00000
355.21275 629.04667 0.00000
-128.57219 283.85239 0.00000
-173.29747 193.18259 0.00000
-46.83974 196.18400 0.00000
-222.25780 -70.48562 0.00000
-214.57930 -88.24966 0.00000
547.72929 574.11429 0.00000
-271.89098 -347.17147 0.00000
194.04344 589.15616 0.00000
8.57212 484.07267 0.00000
-201.95333 -83.67776 0.00000
-130.03667 -23.44064 0.00000
438.72630 608.69999 0.00000
408.68516 561.51542 0.00000
536.64689 641.85489 0.00000
71.66246 383.66593 0.00000
-174.36614 35.64475 0.00000
-9.35756 270.45084 0.00000
520.73588 583.15336 0.00000
145.55809 437.72574 0.00000
-249.96370 -148.27737 0.00000
-79.05776 358.46818 0.00000
-280.51940 -202.58148 0.00000
83.14061 366.98380 0.00000
134.87150 408.51456 0.00000
51.04130 482.78141 0.00000
41.93797 309.88767 0.00000
-132.68853 284.96915 0.00000
-42.68386 179.32737 0.00000
-130.39287 23.29026 0.00000
422.30064 602.59256 0.00000
577.05802 611.14298 0.00000
648.18302 582.87418 0.00000
71.86033 526.16190 0.00000
124.73906 432.63041 0.00000
-34.76790 271.84684 0.00000
-301.77379 -238.14440 0.00000
248.18876 627.68558 0.00000
297.26780 638.74881 0.00000
-40.30904 412.91202 0.00000
-247.39101 -104.58273 0.00000
-139.25878 50.86112 0.00000
649.96415 549.57975 0.00000
210.94407 625.55668 0.00000
-13.75093 201.87266 0.00000
-31.95772 412.42338 0.00000
188.38353 452.97696 0.00000
42.25456 388.62174 0.00000
-195.58095 -24.62722 0.00000
670.58525 522.28800 0.00000
399.85887 552.19718 0.00000
-99.52056 52.36179 0.00000
285.15635 641.12198 0.00000
-172.22881 91.97312 0.00000
177.30113 634.73527 0.00000
-321.16793 -408.03680 0.00000
-148.40172 170.77695 0.00000
-280.79644 -132.74691 0.00000
-129.64086 -12.20291 0.00000
-14.30507 209.16672 0.00000
-199.10357 105.30485 0.00000
-3.34145 260.60911 0.00000
-202.58660 55.78196 0.00000
575.51445 588.73734 0.00000
168.71232 458.45621 0.00000
121.25602 472.45109 0.00000
96.36027 443.17008 0.00000
-171.67470 1.93155 0.00000
801.51554 517.57657 0.00000
-226.29494 -119.34536 0.00000
136.61302 442.92582 0.00000
653.28886 574.98673 0.00000
224.12419 648.59049 0.00000
34.69480 284.51548 0.00000
-51.07479 422.54435 0.00000
-59.06990 123.45273 0.00000
297.50529 630.44266 0.00000
-189.48565 19.66068 0.00000
-285.90224 -390.27279 0.00000
-148.48088 219.49711 0.00000
-218.61644 -48.21951 0.00000
103.40550 435.00358 0.00000
-90.02138 233.10801 0.00000
-204.32811 -44.76443 0.00000
40.63182 476.91825 0.00000
-68.17330 140.79795 0.00000
298.89054 593.06485 0.00000
638.72343 617.49479 0.00000
-217.82485 -174.31259 0.00000
-167.51882 -2.43093 0.00000
569.45866 598.75358 0.00000
321.21360 555.44291 0.00000
-309.01690 -387.13180 0.00000
-183.27160 -166.35543 0.00000
86.54448 481.66459 0.00000
255.62974 600.21940 0.00000
114.84410 573.66056 0.00000
-153.74501 -14.40158 0.00000
-258.35466 -339.66802 0.00000
446.44438 605.66373 0.00000
128.93455 599.24222 0.00000
807.37333 527.76737 0.00000
-70.90432 231.22342 0.00000
291.84538 624.71903 0.00000
-111.63201 36.44748 0.00000
-126.23699 223.85959 0.00000
97.74559 480.09415 0.00000
-197.28289 -142.62356 0.00000
-51.54976 114.30900 0.00000
-268.88289 -373.90475 0.00000
236.07731 581.30362 0.00000
-213.66896 13.79746 0.00000
397.32573 661.71293 0.00000
71.46452 412.59781 0.00000
-139.14003 204.80423 0.00000
2.19975 484.94523 0.00000
102.85142 572.96256 0.00000
-47.35427 387.05118 0.00000
613.31315 604.05839 0.00000
-59.42617 322.27707 0.00000
-9.04097 387.29545 0.00000
228.12175 527.94181 0.00000
-285.07106 -407.26901 0.00000
-111.94866 256.14194 0.00000
-107.75319 277.64023 0.00000
201.84068 563.50480 0.00000
768.94133 511.36442 0.00000
299.04887 658.60673 0.00000
900.90068 454.89652 0.00000
852.01945 467.94901 0.00000
741.43327 501.45279 0.00000
681.03434 517.08793 0.00000
207.77769 557.74625 0.00000
818.13908 520.05448 0.00000
112.42973 381.39737 0.00000
-208.28609 80.73539 0.00000
103.48466 480.44315 0.00000
560.15739 547.48575 0.00000
833.37736 529.58207 0.00000
-245.76824 -42.53085 0.00000
-241.25615 -275.20803 0.00000
355.29191 597.60184 0.00000
-264.56868 -130.51333 0.00000
208.96507 535.96879 0.00000
-181.80715 -112.26071 0.00000
396.05918 565.84305 0.00000
558.17839 597.46232 0.00000
-298.29076 -398.75344 0.00000
3.62461 361.29508 0.00000
38.85069 266.82126 0.00000
56.30546 432.52567 0.00000
261.32927 593.34415 0.00000
-48.10628 179.50187 0.00000
-7.22030 447.63724 0.00000
647.98515 529.47745 0.00000
153.90947 486.58548 0.00000
824.90727 462.39994 0.00000
328.65464 642.06424 0.00000
17.00261 398.04459 0.00000
-87.32998 59.76053 0.00000
-18.10476 277.01200 0.00000
249.21782 576.94120 0.00000
-5.32045 240.26249 0.00000
-205.63424 -94.91549 0.00000
157.43205 558.23490 0.00000
126.00560 528.88407 0.00000
283.05864 647.40397 0.00000
-250.83446 -307.17626 0.00000
356.24180 675.35868 0.00000
-28.47469 224.24344 0.00000
145.16227 519.14701 0.00000
73.00816 557.57181 0.00000
-3.97475 263.57560 0.00000
145.51854 617.14579 0.00000
319.63041 621.01969 0.00000
-216.32082 11.49412 0.00000
108.82798 364.99454 0.00000
74.15599 547.38102 0.00000
7.93882 263.29636 0.00000
331.38566 587.23661 0.00000
-35.79696 277.67508 0.00000
250.48436 578.26737 0.00000
-160.71108 206.09556 0.00000
15.85478 355.01310 0.00000
684.67570 538.44669 0.00000
297.50529 618.47196 0.00000
-218.06234 -49.12692 0.00000
166.33750 481.00150 0.00000
-207.69240 -232.45574 0.00000
819.40568 477.93033 0.00000
469.83610 641.19181 0.00000
-295.16396 -256.99032 0.00000
-53.05379 140.83286 0.00000
-53.37044 219.60178 0.00000
71.30619 530.76871 0.00000
21.51475 317.28641 0.00000
-211.68996 -46.85842 0.00000
29.35154 504.10526 0.00000
-127.34523 17.14786 0.00000
-86.45922 148.16184 0.00000
380.14805 577.95328 0.00000
288.00608 550.24283 0.00000
-92.00039 256.87479 0.00000
88.52348 580.39628 0.00000
-207.89031 -226.45297 0.00000
-124.81212 -0.79067 0.00000
510.20756 555.26835 0.00000
-38.36965 377.20939 0.00000
68.17942 315.68100 0.00000
532.88688 580.95463 0.00000
-173.49538 -38.16836 0.00000
-78.38491 344.36869 0.00000
-264.05416 -348.46279 0.00000
127.15342 548.70719 0.00000
1876.71916 1002.72489 0.00000
1119.85820 395.78556 0.00000
1408.24711 433.09672 0.00000
1697.99333 564.45096 0.00000
1850.35051 670.94278 0.00000
1931.12419 1125.64933 0.00000
2027.21501 1358.97806 0.00000
1836.04142 801.22977 0.00000
1732.77677 556.98160 0.00000
2015.27165 1296.59110 0.00000
1892.23014 1045.86942 0.00000
1107.91471 456.00284 0.00000
1879.58879 1012.39945 0.00000
1971.14274 1315.19339 0.00000
1643.66594 607.09745 0.00000
1431.35856 433.45243 0.00000
1522.64103 523.90287 0.00000
1555.64079 467.17130 0.00000
1665.57511 432.84781 0.00000
1538.15202 499.82316 0.00000
948.22856 486.84061 0.00000
1988.78654 1106.90482 0.00000
2034.97062 1441.42557 0.00000
1757.55558 548.58744 0.00000
1744.95304 626.90909 0.00000
1381.02531 456.82096 0.00000
1948.57414 1083.39408 0.00000
1388.81950 417.80240 0.00000
1788.07365 565.19791 0.00000
1902.66154 989.10221 0.00000
1126.10136 417.73124 0.00000
1943.30046 898.33158 0.00000
1264.84758 403.43277 0.00000
2023.68620 1275.53458 0.00000
1906.88810 801.47880 0.00000
1900.45109 821.25480 0.00000
1706.83464 673.82377 0.00000
1010.85441 458.91947 0.00000
1896.84489 968.57926 0.00000
1936.63053 977.04447 0.00000
1832.86174 718.78226 0.00000
1757.78825 697.08548 0.00000
1753.52287 760.89530 0.00000
1603.33708 394.07828 0.00000
1368.73271 367.93546 0.00000
1550.25065 387.88932 0.00000
1787.80217 777.57682 0.00000
1799.55192 709.67679 0.00000
1033.11271 439.53470 0.00000
1046.80119 448.49784 0.00000
1675.26969 664.39811 0.00000
1886.02580 1067.88627 0.00000
1602.36784 545.20841 0.00000
1511.27922 410.93766 0.00000
1932.24870 1058.24723 0.00000
2037.10344 1416.02982 0.00000
1676.62687 690.50541 0.00000
1484.13493 456.64310 0.00000
1939.03483 1047.89676 0.00000
2009.53239 1143.32682 0.00000
1346.47441 352.96110 0.00000
1904.83293 1067.95731 0.00000
899.01982 514.15714 0.00000
1849.76872 826.37674 0.00000
1664.99357 441.77543 0.00000
1512.28752 350.68473 0.00000
1771.90348 703.38114 0.00000
1790.71061 847.14860 0.00000
1609.34782 427.86820 0.00000
2022.32902 1275.92582 0.00000
1579.29509 422.60404 0.00000
1505.96672 484.20853 0.00000
1914.64372 907.68607 0.00000
1402.15910 359.64798 0.00000
1428.91557 365.01883 0.00000
1667.00993 514.69071 0.00000
1905.41471 1013.14640 0.00000
1668.87126 517.64286 0.00000
1920.42155 1014.14237 0.00000
1468.81779 350.79142 0.00000
1748.79191 677.06046 0.00000
1197.91752 357.01590 0.00000
1685.35173 634.62735 0.00000
1849.65251 859.17081 0.00000
1858.02848 899.14969 0.00000
1617.49113 575.61942 0.00000
1523.49406 483.31937 0.00000
1906.15153 837.58072 0.00000
1688.10490 600.51725 0.00000
1223.35563 416.66422 0.00000
1815.99357 799.70035 0.00000
1827.31657 673.43253 0.00000
1571.11296 517.85624 0.00000
1759.61100 832.42338 0.00000
1461.37248 378.85489 0.00000
2009.80387 1180.95817 0.00000
1890.09758 1092.35734 0.00000
1958.46232 1237.44083 0.00000
1105.97575 471.01273 0.00000
1780.39567 735.57059 0.00000
1585.42204 466.03312 0.00000
1726.41716 737.63346 0.00000
1754.64738 697.29899 0.00000
1763.13957 625.30851 0.00000
1858.84269 1049.85306 0.00000
1474.51799 370.70975 0.00000
1961.06047 1046.82975 0.00000
1856.51603 1044.01981 0.00000
1771.32170 721.62772 0.00000
1690.58683 522.76468 0.00000
1556.41642 443.09147 0.00000
1708.88981 553.60257 0.00000
1782.45085 561.42765 0.00000
1389.75016 366.05033 0.00000
1961.99113 1228.90445 0.00000
1690.74186 610.15629 0.00000
1637.77165 425.09391 0.00000
1709.00602 604.99894 0.00000
1782.60612 584.22696 0.00000
1098.72441 395.07413 0.00000
917.98210 481.00748 0.00000
998.40678 471.29728 0.00000
918.09843 502.63297 0.00000
1653.43791 499.43180 0.00000
1584.21989 434.12821 0.00000
1488.94328 450.09842 0.00000
983.94267 507.50589 0.00000
1615.35832 539.33964 0.00000
1937.56120 941.90287 0.00000
1544.12370 498.40043 0.00000
1595.31022 409.76395 0.00000
1750.84709 794.61405 0.00000
1260.46574 430.71366 0.00000
1985.18010 1108.22074 0.00000
2032.25602 1412.86429 0.00000
1797.72917 925.36356 0.00000
1978.20011 1341.51395 0.00000
1768.91740 809.37504 0.00000
1735.41374 505.30069 0.00000
1954.35197 1022.00297 0.00000
1032.41471 416.59305 0.00000
1923.98918 1031.85538 0.00000
1093.45060 416.59305 0.00000
2001.97087 1355.52787 0.00000
1553.08146 361.17740 0.00000
1912.08439 1135.46622 0.00000
2017.98600 1249.42740 0.00000
1212.30400 380.84672 0.00000
1932.79167 955.27665 0.00000
2038.57682 1362.03690 0.00000
1064.79399 400.12491 0.00000
1827.20011 989.03104 0.00000
1171.78141 387.74711 0.00000
1403.98161 402.57902 0.00000
1660.57292 498.15140 0.00000
1631.79997 603.64725 0.00000
1127.34220 435.01749 0.00000
1635.98796 413.64090 0.00000
1696.67497 522.40909 0.00000
1711.10002 642.06119 0.00000
1484.05729 446.29264 0.00000
1632.30412 615.59830 0.00000
1627.72819 524.36527 0.00000
1212.14885 396.88810 0.00000
1883.31144 1074.07511 0.00000
974.32585 462.01383 0.00000
1165.88713 365.09000 0.00000
1862.10002 746.24112 0.00000
1309.28666 449.31595 0.00000
1646.22526 552.03751 0.00000
1310.99296 342.78861 0.00000
1959.66447 1265.07743 0.00000
1381.21916 379.10392 0.00000
1716.56779 512.87674 0.00000
2004.25871 1252.77079 0.00000
1633.93278 617.62565 0.00000
978.04850 480.61612 0.00000
1743.40177 648.17899 0.00000
1844.37883 693.24418 0.00000
1961.95231 1128.77933 0.00000
1059.52031 470.58585 0.00000
1805.79509 754.70633 0.00000
1326.19377 410.58194 0.00000
1665.14860 668.13285 0.00000
1674.64909 442.87809 0.00000
1924.72599 949.33671 0.00000
1949.31095 951.47086 0.00000
2025.81901 1446.40531 0.00000
1606.47819 541.18912 0.00000
1746.50407 612.53946 0.00000
1968.46696 1180.28238 0.00000
1969.12614 1001.37333 0.00000
1793.92912 598.45426 0.00000
1851.31999 909.28666 0.00000
1771.20549 749.69120 0.00000
1772.33000 552.96232 0.00000
1879.12345 872.25992 0.00000
1004.88261 461.40922 0.00000
1700.24235 652.73173 0.00000
1712.69011 487.97880 0.00000
1538.46232 355.87772 0.00000
897.89531 541.72269 0.00000
1454.27616 413.78312 0.00000
1865.16349 963.10172 0.00000
1011.16459 462.47623 0.00000
1502.74821 372.48819 0.00000
1977.38591 1199.70279 0.00000
1825.61027 820.79252 0.00000
1633.62248 492.24698 0.00000
1771.55436 537.77457 0.00000
1131.10368 397.49283 0.00000
1564.09416 440.49503 0.00000
1866.36564 1072.72355 0.00000
1928.99137 1023.74576 0.00000
1537.84196 371.38553 0.00000
1884.90129 873.61161 0.00000
1903.01042 1119.17582 0.00000
1867.91667 764.62992 0.00000
1725.37028 777.86136 0.00000
1512.48136 422.24845 0.00000
1969.04875 1116.61490 0.00000
869.08354 541.93607 0.00000
1491.15373 483.95963 0.00000
1915.38053 1026.98258 0.00000
1968.38932 1237.15629 0.00000
1812.03825 864.29264 0.00000
2003.48307 1221.68400 0.00000
1891.14445 1071.26517 0.00000
930.46843 472.68436 0.00000
1013.64640 493.27848 0.00000
1550.17302 540.33548 0.00000
1590.96720 567.65201 0.00000
1412.00859 409.97733 0.00000
1995.88273 1140.90812 0.00000
1753.83293 638.75333 0.00000
1788.26750 613.32194 0.00000
1424.65007 341.15238 0.00000
1174.06926 429.07755 0.00000
1576.42546 507.07902 0.00000
1523.72673 407.98551 0.00000
1751.39006 813.21634 0.00000
1768.33586 779.78214 0.00000
1829.17790 832.42338 0.00000
2013.13884 1270.23490 0.00000
1691.01335 596.99601 0.00000
2032.13981 1365.84281 0.00000
1985.68425 1309.53800 0.00000
1484.48381 444.69205 0.00000
1849.72990 996.32255 0.00000
1900.02458 1107.65165 0.00000
1098.76323 410.47526 0.00000
953.85136 493.38529 0.00000
1905.49211 1130.98453 0.00000
1587.67106 502.34842 0.00000
2041.48527 1346.35135 0.00000
1731.72990 759.82816 0.00000
1443.65104 378.71268 0.00000
1730.87663 738.45157 0.00000
1771.55436 649.70841 0.00000
1605.74137 458.24369 0.00000
1770.27482 771.24564 0.00000
1996.77458 1299.43656 0.00000
1510.07707 378.03690 0.00000
1680.15568 514.83292 0.00000
1569.71696 398.13297 0.00000
1843.68083 731.48014 0.00000
1735.18107 629.54105 0.00000
1305.09880 445.15445 0.00000
1650.10295 649.77958 0.00000
2029.77433 1398.67240 0.00000
1609.15373 563.49051 0.00000
1609.19255 466.03312 0.00000
2000.80754 1277.02848 0.00000
1021.16923 430.96268 0.00000
1273.49504 423.10209 0.00000
1995.72770 1235.80472 0.00000
1762.20890 548.23173 0.00000
1214.35917 366.61942 0.00000
2019.03288 1372.31620 0.00000
1758.13737 583.80008 0.00000
1893.50993 791.59073 0.00000
1777.83635 561.46317 0.00000
1338.52507 393.36686 0.00000
1790.90446 788.70975 0.00000
1286.36918 424.77372 0.00000
1453.07402 399.41349 0.00000
1892.19157 998.91910 0.00000
1786.94914 620.22220 0.00000
1664.76091 678.91007 0.00000
1290.01420 401.58317 0.00000
1756.27604 651.55790 0.00000
1494.13957 419.29618 0.00000
1236.07463 438.36088 0.00000
1060.87748 405.38895 0.00000
1119.93571 471.75968 0.00000
1460.67448 436.15568 0.00000
1830.26359 1001.90677 0.00000
1023.30192 459.52408 0.00000
1590.23039 558.29752 0.00000
992.66764 430.96268 0.00000
1723.85783 627.90494 0.00000
1309.09282 360.46610 0.00000
923.37211 541.90055 0.00000
1473.97514 426.16092 0.00000
1565.33512 395.07413 0.00000
981.96501 449.35148 0.00000
883.12101 501.13920 0.00000
1985.64543 1172.56400 0.00000
1461.02348 371.42118 0.00000
1312.27262 427.05008 0.00000
1886.02580 1113.20035 0.00000
1725.02116 638.68216 0.00000
1629.55094 417.83793 0.00000
1926.62590 901.21268 0.00000
1553.66301 379.63749 0.00000
1375.32499 428.65067 0.00000
1898.43473 1010.51432 0.00000
1233.39897 361.46195 0.00000
1125.01554 434.09269 0.00000
1884.94011 775.54947 0.00000
1903.97990 1076.17362 0.00000
1013.95658 426.37430 0.00000
1688.41520 524.75663 0.00000
1638.00431 455.96732 0.00000
1764.92350 608.80472 0.00000
1754.25969 624.20585 0.00000
1098.68559 449.81388 0.00000
1967.73014 1216.91788 0.00000
1742.27726 623.63675 0.00000
2036.71550 1394.54642 0.00000
1775.00553 787.46488 0.00000
1747.20207 528.77579 0.00000
847.52311 503.84232 0.00000
2016.24089 1355.17215 0.00000
2022.44548 1329.59855 0.00000
1133.00383 452.12589 0.00000
1273.84404 398.91556 0.00000
1990.57023 1154.35306 0.00000
1702.91813 471.72403 0.00000
1734.44426 621.39591 0.00000
1901.42057 853.55094 0.00000
1817.11808 819.51200 0.00000
1744.75895 771.35233 0.00000
1954.04167 1219.76334 0.00000
1943.95964 969.82413 0.00000
1990.06608 1280.51420 0.00000
1922.12785 1072.29667 0.00000
1565.91691 562.77921 0.00000
1082.08879 454.72233 0.00000
1939.30632 902.67093 0.00000
2025.54753 1393.62162 0.00000
1518.91838 406.98954 0.00000
1909.25358 1059.84781 0.00000
1928.64250 1187.18265 0.00000
1950.43547 956.94828 0.00000
1750.84709 736.35306 0.00000
1189.73539 449.56498 0.00000
1200.67070 433.80814 0.00000
1891.92009 824.38492 0.00000
1783.96330 754.10172 0.00000
1912.62736 1097.01676 0.00000
1398.97929 349.26200 0.00000
1118.11320 461.33805 0.00000
1919.56852 1049.78190 0.00000
1333.05741 359.11442 0.00000
1977.42472 1058.78068 0.00000
1684.49870 555.16752 0.00000
2020.50651 1207.84794 0.00000
2025.58635 1351.36649 0.00000
1793.50261 759.54361 0.00000
2035.74601 1422.96561 0.00000
1939.61637 1201.73014 0.00000
1774.85051 595.60880 0.00000
1889.70964 776.58097 0.00000
1839.53141 772.81070 0.00000
1631.10197 527.49527 0.00000
1544.43400 509.88895 0.00000
1284.12004 379.63749 0.00000
1910.41691 864.43485 0.00000
1793.34733 790.63041 0.00000
1972.15080 1109.43009 0.00000
1559.82878 392.47770 0.00000
1872.06584 904.84061 0.00000
1318.74845 403.18375 0.00000
1862.33268 969.61075 0.00000
1468.74015 492.81608 0.00000
2013.64299 1198.92020 0.00000
1879.93766 773.73551 0.00000
1752.94108 796.74820 0.00000
1179.11039 402.00992 0.00000
1935.07951 1016.91666 0.00000
955.36369 522.83585 0.00000
1675.15324 529.70060 0.00000
1147.00248 382.76749 0.00000
1345.19474 330.37522 0.00000
2004.95671 1311.67215 0.00000
1554.55510 497.33329 0.00000
2023.80265 1440.57206 0.00000
898.12797 486.30716 0.00000
1023.96122 498.72049 0.00000
1865.16349 1031.96207 0.00000
1330.76945 401.58317 0.00000
1682.05583 657.53348 0.00000
1647.46598 438.53873 0.00000
2026.59465 1260.91593 0.00000
1832.90055 934.18461 0.00000
1981.41862 1237.68985 0.00000
1621.56266 437.61393 0.00000
878.81669 532.97281 0.00000
1856.63249 842.13346 0.00000
1487.19841 442.30900 0.00000
1852.67717 1004.43216 0.00000
1217.22868 416.80643 0.00000
1736.96476 661.44596 0.00000
1740.95890 539.73087 0.00000
1673.67985 478.51761 0.00000
1827.97575 635.08976 0.00000
1746.54289 744.96061 0.00000
1248.32829 398.06193 0.00000
1998.44206 1301.53507 0.00000
1615.04802 450.24076 0.00000
1944.58000 1176.79667 0.00000
1143.08598 464.78824 0.00000
1856.12834 790.23917 0.00000
1942.83512 1252.41507 0.00000
1952.21916 931.09012 0.00000
1398.20378 346.13199 0.00000
1256.51042 372.73722 0.00000
2021.20451 1323.37406 0.00000
1077.55180 448.81803 0.00000
1258.91459 361.21305 0.00000
1849.34220 1020.40238 0.00000
1773.06681 626.48221 0.00000
1995.68888 1097.55033 0.00000
1284.77934 369.64274 0.00000
1061.30400 407.34525 0.00000
1312.35014 383.22989 0.00000
943.34257 475.10306 0.00000
1916.07853 921.20206 0.00000
1438.29972 403.21927 0.00000
1794.12297 803.11490 0.00000
1595.50407 500.35660 0.00000
1812.61979 784.90397 0.00000
1965.75261 1120.06510 0.00000
1546.14030 388.45841 0.00000
1997.27873 1114.26737 0.00000
1833.28825 791.23514 0.00000
1287.84269 395.10965 0.00000
2049.89982 1385.26322 0.00000
1888.58512 850.84781 0.00000
1219.67167 427.69034 0.00000
1169.88127 414.56559 0.00000
1747.39592 574.09000 0.00000
1982.46574 1095.59403 0.00000
1584.06462 500.14322 0.00000
1863.53483 776.61649 0.00000
1078.83146 436.90262 0.00000
1477.85295 407.27408 0.00000
1385.67863 422.78190 0.00000
1702.25895 711.56193 0.00000
2025.27629 1379.71439 0.00000
1964.51164 970.64213 0.00000
1835.69255 987.46598 0.00000
1934.76921 1048.64371 0.00000
1764.88469 745.28068 0.00000
1424.22355 416.16617 0.00000
1768.52970 647.25419 0.00000
1539.81950 451.77018 0.00000
1475.72013 424.91605 0.00000
1900.68376 950.72391 0.00000
1206.68119 393.61588 0.00000
1393.70549 406.13590 0.00000
1614.62150 408.23441 0.00000
1175.46525 386.46659 0.00000
1440.58769 404.96219 0.00000
1359.81388 421.71488 0.00000
1525.74333 385.86197 0.00000
969.98283 455.78946 0.00000
1886.56877 936.42533 0.00000
1615.39714 389.34757 0.00000
1888.50749 962.28360 0.00000
1014.96476 454.11771 0.00000
1937.44499 1055.36612 0.00000
1780.66716 562.77921 0.00000
1826.19206 658.74283 0.00000
1785.59196 883.96195 0.00000
1993.51725 1087.34208 0.00000
1784.07951 571.67130 0.00000
1932.40373 931.80143 0.00000
1882.49699 808.16569 0.00000
1930.96916 1038.82682 0.00000
930.73991 507.61258 0.00000
1655.99723 519.77701 0.00000
1700.35881 634.76969 0.00000
1899.94694 791.55521 0.00000
1340.58024 412.85831 0.00000
1581.04020 506.43888 0.00000
1923.17472 1068.06400 0.00000
1899.09391 934.43351 0.00000
893.90116 504.34025 0.00000
1413.10258 -491.97491 0.00000
1436.38334 -509.50827 0.00000
720.97575 -49.55252 0.00000
736.97685 183.37375 0.00000
1086.29325 -486.07803 0.00000
1227.13810 -510.56970 0.00000
836.39469 -106.39834 0.00000
745.31144 -219.34304 0.00000
1650.41130 -631.80931 0.00000
814.37992 259.52201 0.00000
1408.81218 -511.82769 0.00000
774.07829 -102.34915 0.00000
1528.20500 -588.52629 0.00000
818.88139 -56.86465 0.00000
995.28032 -438.62791 0.00000
833.93290 -114.73257 0.00000
1512.87223 -634.79705 0.00000
1238.77848 -437.60578 0.00000
1445.94889 -537.45941 0.00000
777.27848 164.30723 0.00000
711.12883 41.73099 0.00000
1542.23674 -548.30966 0.00000
982.16301 -367.59030 0.00000
775.73112 293.80246 0.00000
825.77409 -97.98550 0.00000
1495.56974 -527.47405 0.00000
1166.05253 -392.39645 0.00000
722.76921 -33.47372 0.00000
865.75932 -163.04757 0.00000
980.19365 -409.37945 0.00000
823.34758 279.21750 0.00000
720.02616 -26.82992 0.00000
721.11637 145.20139 0.00000
899.62541 -324.38592 0.00000
1362.39140 -580.62449 0.00000
819.02201 296.47568 0.00000
1648.47721 -603.11122 0.00000
847.43718 -166.03536 0.00000
1071.94499 -441.96946 0.00000
845.18644 -228.38488 0.00000
897.69120 -174.13369 0.00000
1724.22746 -636.36955 0.00000
771.40556 -146.85086 0.00000
889.46208 -261.48599 0.00000
874.93803 457.93192 0.00000
1333.69499 -466.65768 0.00000
828.13029 442.04972 0.00000
1044.97172 -414.88317 0.00000
784.94499 -36.89395 0.00000
1648.01994 -660.90052 0.00000
774.95744 -246.27206 0.00000
1585.77385 -638.45311 0.00000
1634.48063 -623.71094 0.00000
800.34819 -57.53298 0.00000
1504.25627 -643.60304 0.00000
744.50261 -140.08914 0.00000
997.03874 -416.69155 0.00000
1001.32914 -279.25521 0.00000
818.70549 -134.66403 0.00000
870.85856 -319.90429 0.00000
1463.25114 -559.15989 0.00000
1264.76713 -456.00401 0.00000
966.65422 -388.15072 0.00000
1152.51323 -373.21197 0.00000
957.40519 -238.13439 0.00000
733.95243 220.99576 0.00000
827.25114 344.08304 0.00000
730.82255 190.29276 0.00000
1180.22502 -537.49873 0.00000
1049.96550 -480.29910 0.00000
1038.07890 -441.30114 0.00000
767.71293 -193.27886 0.00000
1269.90153 -477.07548 0.00000
841.98625 334.72672 0.00000
1144.56535 -469.80268 0.00000
809.42131 -97.35647 0.00000
827.14567 -143.78451 0.00000
974.42619 -255.03875 0.00000
886.12114 582.90629 0.00000
680.25199 53.32816 0.00000
785.33183 -9.29660 0.00000
868.43205 -363.46249 0.00000
896.46037 537.50040 0.00000
1580.78019 -661.84402 0.00000
839.27836 448.49698 0.00000
794.93241 44.16837 0.00000
1349.06303 -580.42793 0.00000
1344.17472 -506.08807 0.00000
778.50932 -193.43612 0.00000
794.01811 -216.08010 0.00000
975.41081 -342.46963 0.00000
995.38591 -357.60494 0.00000
756.21330 -265.33859 0.00000
771.33525 -12.12710 0.00000
1787.56364 -686.45362 0.00000
1191.75981 -494.45159 0.00000
1111.68400 -471.29655 0.00000
926.35246 -336.69070 0.00000
855.87736 -184.27633 0.00000
1368.12370 -533.01710 0.00000
834.24943 446.33475 0.00000
949.63322 -275.91366 0.00000
1796.17961 -659.24940 0.00000
1499.22721 -529.59692 0.00000
1395.58927 -492.28941 0.00000
1600.33317 -636.01574 0.00000
761.31254 229.09415 0.00000
996.75737 -284.83758 0.00000
1075.32109 -435.64016 0.00000
860.73039 531.76078 0.00000
805.23649 -200.15856 0.00000
1603.42790 -586.63929 0.00000
761.45317 337.43924 0.00000
1219.99919 -461.46844 0.00000
1194.81938 -402.69631 0.00000
727.93876 -13.62094 0.00000
743.55302 116.11014 0.00000
1180.29533 -440.04315 0.00000
757.12761 -43.77359 0.00000
851.48136 426.67850 0.00000
746.40165 180.97568 0.00000
808.85868 383.51346 0.00000
874.12919 448.73282 0.00000
1599.77043 -650.79722 0.00000
775.34428 108.52286 0.00000
738.38346 -232.70925 0.00000
1461.10600 -587.34692 0.00000
1207.33891 -405.36956 0.00000
835.23417 386.26529 0.00000
1273.45341 -450.18577 0.00000
881.72526 551.06315 0.00000
1310.69560 -472.39730 0.00000
1165.24369 -507.89645 0.00000
712.25419 203.14792 0.00000
1227.80632 -532.54536 0.00000
1396.43339 -554.16720 0.00000
1199.14494 -452.26933 0.00000
681.27189 -61.18905 0.00000
831.82292 418.42289 0.00000
1276.44267 -563.28770 0.00000
1193.41276 -538.40292 0.00000
809.31584 -104.15756 0.00000
857.60051 -299.18661 0.00000
762.85990 -173.58334 0.00000
1568.82316 -570.08876 0.00000
942.56462 -349.27069 0.00000
1179.55680 -475.66023 0.00000
1316.25199 -492.83978 0.00000
808.57731 7.41123 0.00000
1129.86552 -459.81732 0.00000
736.02726 27.85367 0.00000
897.72636 -397.03533 0.00000
1687.86442 -636.95924 0.00000
1596.35929 -584.79161 0.00000
705.32621 74.55686 0.00000
856.68620 512.85148 0.00000
1312.48906 -475.42436 0.00000
706.62748 -50.02426 0.00000
1032.38188 -389.01559 0.00000
1207.37419 -506.83502 0.00000
989.82939 -316.79861 0.00000
1312.52421 -557.98051 0.00000
1282.49137 -551.65121 0.00000
705.08012 11.26383 0.00000
958.28434 -288.37570 0.00000
690.06364 72.82712 0.00000
863.12175 -341.13302 0.00000
1614.08342 -597.64678 0.00000
798.23820 -121.21914 0.00000
751.32499 248.55381 0.00000
879.47453 -143.27340 0.00000
1471.93742 -605.11615 0.00000
1720.74577 -622.17775 0.00000
771.96818 298.48063 0.00000
1195.48759 -494.29434 0.00000
725.72331 -112.21658 0.00000
1160.70719 -457.41926 0.00000
1628.08000 -665.73595 0.00000
885.76945 443.54361 0.00000
803.26713 350.13724 0.00000
892.06449 -302.01712 0.00000
694.84648 13.30808 0.00000
1148.15251 -507.54264 0.00000
1597.20329 -653.35253 0.00000
1061.99272 -335.55065 0.00000
813.36015 401.40067 0.00000
1544.90959 -621.35219 0.00000
817.79118 387.44474 0.00000
1333.34330 -491.14935 0.00000
1569.13981 -590.80641 0.00000
1613.80217 -633.93218 0.00000
1205.93229 -437.56646 0.00000
748.93364 6.86081 0.00000
1151.28239 -511.55250 0.00000
887.63334 -205.26916 0.00000
694.03752 79.03849 0.00000
850.74296 504.71378 0.00000
1178.25566 -538.48153 0.00000
1298.00016 -479.11973 0.00000
1317.16630 -573.50894 0.00000
1108.97612 -514.73681 0.00000
949.87944 -249.18118 0.00000
1234.66398 -482.73648 0.00000
790.00907 -237.50540 0.00000
832.10429 426.24613 0.00000
688.51628 -85.60208 0.00000
895.01847 -211.75573 0.00000
1156.94426 -533.52816 0.00000
916.78703 -230.38983 0.00000
745.94450 245.09433 0.00000
1000.41484 -451.36514 0.00000
718.26786 112.80790 0.00000
727.90361 167.64878 0.00000
759.58940 122.04636 0.00000
785.92961 89.02384 0.00000
915.45073 -259.95278 0.00000
863.36796 -317.34896 0.00000
1788.33732 -652.64491 0.00000
1169.42863 -467.20806 0.00000
863.86027 -296.86718 0.00000
1054.11515 -479.43423 0.00000
731.06865 -171.02804 0.00000
1125.85636 -503.49345 0.00000
1204.84208 -453.29145 0.00000
769.36589 79.62821 0.00000
1597.44938 -594.10866 0.00000
734.79643 -11.26223 0.00000
851.05937 471.10160 0.00000
996.82768 -308.46435 0.00000
922.06205 -366.68612 0.00000
1440.63859 -545.16465 0.00000
930.99455 -305.00488 0.00000
868.81889 -246.27206 0.00000
1367.31486 -570.71775 0.00000
819.47917 -286.21353 0.00000
1060.97282 -408.35733 0.00000
874.26982 503.25919 0.00000
954.73246 -375.53140 0.00000
1209.20280 -537.81323 0.00000
993.55717 -323.04928 0.00000
715.06755 -58.90890 0.00000
797.78105 361.49845 0.00000
922.62480 -250.43917 0.00000
942.35368 -221.26934 0.00000
745.20597 105.92820 0.00000
1569.06950 -587.15036 0.00000
945.13188 -379.42333 0.00000
765.07548 -97.31716 0.00000
785.64823 222.96140 0.00000
1125.04753 -472.31867 0.00000
1402.72831 -573.98068 0.00000
756.56498 -232.27682 0.00000
825.87968 -141.58297 0.00000
945.02629 -252.44412 0.00000
791.20475 381.19401 0.00000
1090.58366 -498.30421 0.00000
1415.14238 -500.11257 0.00000
938.23906 -411.89544 0.00000
1242.01384 -520.16194 0.00000
1559.85563 -635.15087 0.00000
730.54118 -180.89544 0.00000
1051.26664 -420.58349 0.00000
1350.39933 -508.48614 0.00000
1571.60148 -635.38674 0.00000
1318.92472 -594.50179 0.00000
801.82524 308.15146 0.00000
1111.15654 -471.45381 0.00000
920.51481 -359.17742 0.00000
1220.94865 -425.61547 0.00000
693.58036 137.37821 0.00000
852.53642 -263.49090 0.00000
768.83830 -229.36770 0.00000
825.91484 396.52591 0.00000
831.57670 -197.95706 0.00000
1528.31047 -546.61921 0.00000
1440.14628 -602.44290 0.00000
756.84636 251.22709 0.00000
788.39140 23.17551 0.00000
709.08915 -26.71200 0.00000
1012.26615 -435.52221 0.00000
877.89201 -379.14816 0.00000
1065.15776 -455.02119 0.00000
1375.89567 -591.43541 0.00000
1770.29655 -646.27629 0.00000
1182.33500 -474.99192 0.00000
910.87895 -213.95721 0.00000
731.70170 134.58701 0.00000
1295.92533 -465.91075 0.00000
740.52873 -117.16995 0.00000
1320.64787 -458.16619 0.00000
978.50553 -394.36209 0.00000
808.29606 -182.46795 0.00000
682.46757 -36.26492 0.00000
1295.04606 -499.44427 0.00000
794.75663 -88.47189 0.00000
1739.98234 -676.11444 0.00000
1098.17973 -370.46011 0.00000
726.70793 66.41923 0.00000
997.67167 -409.37945 0.00000
787.82865 -231.05813 0.00000
1146.07756 -510.88420 0.00000
851.72758 -272.21829 0.00000
684.15556 80.80759 0.00000
1277.14604 -539.38572 0.00000
1164.64592 -446.17590 0.00000
985.32804 -393.33996 0.00000
840.82573 374.74674 0.00000
1450.06340 -532.03430 0.00000
800.62956 -212.22747 0.00000
1011.17594 -381.27102 0.00000
797.64030 -258.41961 0.00000
1000.30925 -308.89681 0.00000
971.33146 -405.33026 0.00000
788.67265 -59.73446 0.00000
1089.63407 -463.63063 0.00000
826.96989 -282.95059 0.00000
1765.51384 -687.82955 0.00000
722.24174 216.63212 0.00000
843.95561 -241.90838 0.00000
795.67094 -4.26461 0.00000
1530.56120 -554.44239 0.00000
987.01603 -413.38931 0.00000
1301.51689 -453.95976 0.00000
1201.95842 -546.65853 0.00000
778.22795 -61.22836 0.00000
1328.20890 -572.64406 0.00000
847.61296 371.60184 0.00000
1737.20402 -654.37466 0.00000
881.79557 572.48844 0.00000
1247.42961 -509.46894 0.00000
1364.85319 -514.06851 0.00000
724.00004 65.86881 0.00000
1017.68193 -396.24908 0.00000
944.32304 -290.02682 0.00000
800.27787 411.07145 0.00000
825.49284 460.72318 0.00000
1722.50431 -682.99412 0.00000
1458.04643 -590.84573 0.00000
760.15202 -198.66467 0.00000
1397.34770 -545.91159 0.00000
1397.59391 -590.72779 0.00000
862.41838 470.19742 0.00000
1356.62394 -577.20430 0.00000
1183.56584 -495.11990 0.00000
985.71489 -262.50811 0.00000
1335.80497 -575.86769 0.00000
782.27226 79.35300 0.00000
1032.17082 -296.08093 0.00000
1550.21989 -655.86853 0.00000
736.48442 21.20987 0.00000
1594.10856 -575.12075 0.00000
710.14421 14.09433 0.00000
760.99601 -97.78890 0.00000
859.60502 382.72721 0.00000
896.31962 541.58890 0.00000
1621.85539 -649.10679 0.00000
1165.27897 -401.94940 0.00000
931.13530 -255.23529 0.00000
1196.82389 -396.24908 0.00000
1630.61222 -606.72796 0.00000
1049.50822 -371.60015 0.00000
784.62846 6.90012 0.00000
773.16386 -262.50811 0.00000
1240.50175 -489.96997 0.00000
1433.92167 -603.50434 0.00000
703.39201 124.95548 0.00000
787.19560 -48.33383 0.00000
1046.73002 -304.29724 0.00000
1518.11198 -609.00808 0.00000
703.35685 -131.24380 0.00000
1108.27275 -430.05780 0.00000
798.37883 122.55741 0.00000
697.94108 2.85099 0.00000
792.71696 234.87308 0.00000
1423.33635 -514.18644 0.00000
816.59550 427.70072 0.00000
870.26078 -168.66928 0.00000
899.94194 -265.65310 0.00000
1600.15739 -585.18473 0.00000
847.15580 -250.83230 0.00000
685.52714 38.54667 0.00000
887.80925 -281.65325 0.00000
925.40300 -299.30456 0.00000
1597.73088 -564.62432 0.00000
1290.33366 -472.39730 0.00000
799.92619 -287.27496 0.00000
1462.96977 -633.57837 0.00000
1363.09477 -571.54331 0.00000
1104.96708 -407.53176 0.00000
777.80595 9.69132 0.00000
1235.22660 -546.73715 0.00000
730.85771 -55.29214 0.00000
797.14799 365.58695 0.00000
782.87004 353.55741 0.00000
769.82304 -71.56753 0.00000
680.67399 -69.16946 0.00000
683.87419 54.38962 0.00000
1391.72087 -586.59999 0.00000
803.30229 -46.09304 0.00000
756.21330 329.53745 0.00000
1048.91044 -386.30303 0.00000
1444.50700 -535.88691 0.00000
801.40324 303.70920 0.00000
709.22978 163.04923 0.00000
1016.16972 -288.25778 0.00000
719.35795 -57.02188 0.00000
1111.82463 -426.08721 0.00000
1457.51884 -572.05438 0.00000
739.82536 -55.76388 0.00000
1128.56425 -438.66722 0.00000
1115.48210 -377.61499 0.00000
867.55290 514.73844 0.00000
830.55693 -248.51287 0.00000
751.11406 -237.23019 0.00000
1273.41825 -513.71469 0.00000
1615.84196 -590.17742 0.00000
712.88725 -61.73941 0.00000
818.00224 411.93631 0.00000
788.03971 56.27659 0.00000
1305.27983 -441.26184 0.00000
913.76261 -298.36105 0.00000
1339.21623 -536.12280 0.00000
1153.46269 -532.46673 0.00000
1050.63359 -484.74140 0.00000
1411.41459 -565.21401 0.00000
1199.14494 -442.12670 0.00000
803.65397 421.05692 0.00000
814.37992 360.63358 0.00000
803.97050 266.87339 0.00000
1124.66069 -353.39849 0.00000
1689.37663 -655.27884 0.00000
1753.13493 -657.00859 0.00000
1371.42936 -534.58961 0.00000
901.31340 -344.04214 0.00000
715.06755 37.44590 0.00000
1471.86711 -581.29280 0.00000
778.61479 125.42722 0.00000
1425.72770 -539.26779 0.00000
1458.50358 -588.76217 0.00000
801.36808 -108.08877 0.00000
1745.92570 -670.06032 0.00000
1338.23149 -532.62399 0.00000
1437.71965 -517.68525 0.00000
852.81779 375.72965 0.00000
1135.98454 -402.22457 0.00000
1086.04704 -369.32003 0.00000
797.99198 30.52695 0.00000
943.12736 -331.10833 0.00000
1555.07292 -554.36376 0.00000
836.88700 360.47635 0.00000
1230.05705 -464.06306 0.00000
1325.11418 -552.20158 0.00000
777.10270 -91.57754 0.00000
1717.15886 -633.57837 0.00000
1319.06535 -501.40989 0.00000
780.40837 18.65458 0.00000
1007.44828 -455.92538 0.00000
712.64103 214.39127 0.00000
1364.64213 -476.36785 0.00000
1303.24003 -583.17980 0.00000
1536.39909 -591.67129 0.00000
1149.03166 -530.65837 0.00000
982.09269 -273.98733 0.00000
804.04081 -297.18170 0.00000
1423.51213 -564.70295 0.00000
886.50798 -287.03909 0.00000
1378.63871 -485.64559 0.00000
1545.05021 -568.87007 0.00000
749.53154 129.08329 0.00000
1398.47306 -610.89508 0.00000
730.33024 216.27829 0.00000
1413.34880 -593.67623 0.00000
1303.66215 -582.35424 0.00000
847.08549 -136.82620 0.00000
1275.91508 -552.20158 0.00000
938.97758 -278.23309 0.00000
962.96159 -381.27102 0.00000
719.53386 206.80399 0.00000
1335.91044 -509.82276 0.00000
758.42887 292.19065 0.00000
785.54277 -196.73837 0.00000
1377.90019 -490.71690 0.00000
864.91532 497.08719 0.00000
1072.47245 -403.40396 0.00000
1647.45719 -633.49974 0.00000
719.35795 -95.74465 0.00000
1623.29728 -580.54586 0.00000
836.18364 361.34122 0.00000
880.49443 -235.50045 0.00000
803.79460 417.16495 0.00000
1191.19719 -435.44360 0.00000
740.28251 -137.37655 0.00000
892.59196 479.35721 0.00000
1270.64006 -516.58450 0.00000
1389.04826 -525.62637 0.00000
1213.80973 -507.85714 0.00000
739.29789 -220.79760 0.00000
821.09684 -124.63931 0.00000
823.83989 -320.37603 0.00000
1275.73930 -443.65989 0.00000
-17.41689 691.28312 0.00000
-98.94344 669.68265 0.00000
631.56620 726.15995 0.00000
-328.64051 371.62259 0.00000
216.44542 895.85514 0.00000
836.97380 580.33048 0.00000
125.27793 854.20841 0.00000
-487.57515 162.20359 0.00000
895.05326 524.56437 0.00000
132.76603 828.99918 0.00000
654.87284 772.49552 0.00000
549.33769 855.73624 0.00000
-545.46742 169.63205 0.00000
655.52812 736.51236 0.00000
596.51261 777.18436 0.00000
-488.46436 227.63718 0.00000
150.31620 835.92704 0.00000
622.67411 759.66691 0.00000
-88.13253 733.61466 0.00000
130.19200 869.06534 0.00000
271.15525 929.94181 0.00000
362.69706 929.52030 0.00000
122.56352 854.91971 0.00000
62.65879 809.00553 0.00000
203.01365 754.13517 0.00000
248.64415 866.22037 0.00000
139.45854 864.66617 0.00000
-176.21114 596.95231 0.00000
-272.94786 520.85013 0.00000
-277.58110 459.47330 0.00000
885.31877 531.30802 0.00000
69.25767 827.76102 0.00000
-374.92624 355.34330 0.00000
-47.41604 695.44510 0.00000
-266.16179 423.06864 0.00000
729.70695 672.87003 0.00000
784.13603 684.51322 0.00000
134.02964 812.32462 0.00000
735.46342 631.77640 0.00000
902.26054 532.86210 0.00000
651.36283 761.11576 0.00000
-452.75554 239.41208 0.00000
-272.47985 463.63529 0.00000
672.23588 743.38761 0.00000
-387.79639 307.61155 0.00000
7.38737 704.53312 0.00000
871.32536 601.35135 0.00000
41.73899 830.63236 0.00000
-482.94190 265.67508 0.00000
-477.41943 277.13382 0.00000
-393.88047 404.33939 0.00000
666.05815 683.74918 0.00000
-45.82485 745.41593 0.00000
87.22911 852.81229 0.00000
-516.63829 177.24491 0.00000
804.91545 638.99418 0.00000
-23.92220 625.95487 0.00000
-353.58519 466.55924 0.00000
-105.07433 731.66532 0.00000
-74.60717 637.86149 0.00000
72.90812 805.50211 0.00000
527.99662 879.73392 0.00000
-286.00521 489.84562 0.00000
131.17479 810.21732 0.00000
-420.88437 220.05069 0.00000
-326.39408 498.01163 0.00000
547.18486 863.61258 0.00000
-317.54879 342.19864 0.00000
-147.89681 538.44669 0.00000
137.35246 727.50333 0.00000
296.94230 889.63846 0.00000
153.54545 832.89774 0.00000
-261.29454 585.30912 0.00000
8.88499 805.34403 0.00000
-60.33303 776.05167 0.00000
18.61949 721.15494 0.00000
642.28349 699.29105 0.00000
-132.35903 660.62101 0.00000
172.59330 767.01639 0.00000
-282.77599 421.01395 0.00000
-146.82039 641.20682 0.00000
498.23149 844.06681 0.00000
836.64616 618.63175 0.00000
-448.35630 178.32493 0.00000
142.82817 732.53470 0.00000
-512.28584 209.22410 0.00000
786.94401 641.41764 0.00000
-403.94259 395.96268 0.00000
-462.39646 305.63590 0.00000
-394.39527 266.75510 0.00000
866.64531 595.68790 0.00000
-372.58622 411.42545 0.00000
673.12504 738.48795 0.00000
-9.22683 762.74894 0.00000
-252.49602 413.08500 0.00000
766.21135 631.35502 0.00000
574.14189 816.40763 0.00000
-285.06920 413.03226 0.00000
249.06535 891.82486 0.00000
21.38072 760.27286 0.00000
-519.82072 206.32651 0.00000
577.27763 789.88126 0.00000
-290.96608 529.99088 0.00000
-78.49163 760.37821 0.00000
-412.22628 225.81955 0.00000
22.17637 729.05753 0.00000
202.73283 832.81876 0.00000
-383.11634 366.85477 0.00000
264.18193 783.03226 0.00000
-173.68392 537.73539 0.00000
-435.86055 235.61881 0.00000
-305.89544 365.72208 0.00000
491.86662 881.28800 0.00000
837.06742 550.24784 0.00000
305.08561 847.88639 0.00000
475.53324 878.83829 0.00000
-66.79149 676.90030 0.00000
88.02470 855.60453 0.00000
351.18418 885.23929 0.00000
-403.75538 282.37589 0.00000
-42.08077 630.06424 0.00000
-192.91893 547.32389 0.00000
75.20134 763.69730 0.00000
316.64537 823.49369 0.00000
-522.95636 208.93436 0.00000
412.72685 914.32096 0.00000
262.26310 863.55985 0.00000
-263.96215 545.61173 0.00000
151.11186 886.68815 0.00000
177.41374 881.23539 0.00000
-158.19295 617.99955 0.00000
-150.89205 664.51957 0.00000
59.47636 837.85001 0.00000
125.51194 872.59513 0.00000
152.00108 868.45951 0.00000
-154.63610 497.27408 0.00000
-568.21248 94.79435 0.00000
905.30253 518.74283 0.00000
-425.79844 259.90616 0.00000
112.36100 750.60526 0.00000
701.76701 685.06632 0.00000
-58.69497 610.65018 0.00000
130.51963 835.58463 0.00000
202.40525 792.62076 0.00000
-398.74772 334.61210 0.00000
16.23271 743.38761 0.00000
-545.28022 146.26670 0.00000
26.94999 815.03788 0.00000
-327.18969 447.14518 0.00000
828.12846 579.35587 0.00000
520.88298 769.41349 0.00000
-392.33605 351.44462 0.00000
-268.87621 399.86124 0.00000
-271.96505 556.12211 0.00000
490.18180 830.86942 0.00000
86.71427 735.64298 0.00000
-267.79979 484.86698 0.00000
349.12492 847.75467 0.00000
-85.65209 762.24845 0.00000
-349.79436 447.14518 0.00000
489.10539 897.30399 0.00000
-140.31514 615.41800 0.00000
62.84605 672.50126 0.00000
-321.66723 347.28263 0.00000
520.88298 812.29825 0.00000
-407.45263 231.69382 0.00000
571.47428 740.30558 0.00000
807.95744 613.73221 0.00000
289.78184 908.97355 0.00000
620.52128 808.92655 0.00000
-538.72814 125.98331 0.00000
326.84788 794.43839 0.00000
350.29496 828.12980 0.00000
178.91136 854.07670 0.00000
-378.24909 421.90958 0.00000
694.13847 665.62589 0.00000
296.66154 941.98002 0.00000
-0.56868 713.80546 0.00000
-242.29351 438.92655 0.00000
741.21989 690.57181 0.00000
881.52787 522.66776 0.00000
452.36698 834.63627 0.00000
-285.11602 536.44462 0.00000
22.45713 720.83878 0.00000
344.35130 847.01713 0.00000
-209.15874 464.58365 0.00000
51.98832 747.28617 0.00000
-414.00470 294.25614 0.00000
406.31517 849.01908 0.00000
-410.96267 373.36124 0.00000
490.74333 825.36393 0.00000
235.25920 897.77811 0.00000
-78.39800 752.44925 0.00000
150.40983 866.29947 0.00000
-246.27156 412.11039 0.00000
607.08952 820.56974 0.00000
-219.64205 570.71561 0.00000
409.63804 926.96512 0.00000
469.49589 876.30936 0.00000
-510.60102 150.82383 0.00000
-276.78551 382.50187 0.00000
7.71501 725.79105 0.00000
555.23454 819.99015 0.00000
523.45695 881.47245 0.00000
-16.66811 823.09855 0.00000
29.85167 804.60648 0.00000
289.73503 866.43119 0.00000
437.06315 825.28495 0.00000
25.87358 723.52567 0.00000
96.40202 794.28031 0.00000
-79.42763 773.36478 0.00000
-548.50946 136.57279 0.00000
658.14897 726.05448 0.00000
248.55058 790.56608 0.00000
822.13798 594.08097 0.00000
258.56590 835.26859 0.00000
41.87938 838.58768 0.00000
-227.41094 504.20206 0.00000
504.78349 891.21903 0.00000
701.43937 733.79911 0.00000
789.00322 660.59464 0.00000
126.58836 751.47452 0.00000
901.23088 537.76175 0.00000
396.11265 838.48221 0.00000
-421.77359 216.99503 0.00000
634.37419 714.20060 0.00000
-13.06447 626.42899 0.00000
120.08311 829.76310 0.00000
-273.32229 429.36442 0.00000
-18.91451 783.19034 0.00000
146.05735 878.75919 0.00000
-546.87144 124.40281 0.00000
679.58354 777.47416 0.00000
437.39073 901.96647 0.00000
-60.42659 652.92911 0.00000
8.97862 680.27213 0.00000
578.44755 857.26407 0.00000
-404.17658 310.29844 0.00000
110.34855 727.55607 0.00000
710.65910 680.03507 0.00000
136.46330 791.96219 0.00000
320.10862 803.07853 0.00000
-294.99093 454.96879 0.00000
446.42326 893.43168 0.00000
-291.24688 429.86490 0.00000
-105.82314 666.44254 0.00000
-118.08486 681.40482 0.00000
130.33238 734.72110 0.00000
116.71342 714.35868 0.00000
861.82487 574.90397 0.00000
891.02836 552.80301 0.00000
691.61125 713.17325 0.00000
-280.85717 404.84000 0.00000
512.08439 856.34220 0.00000
42.53459 832.81876 0.00000
325.35026 942.05912 0.00000
-22.56496 717.54606 0.00000
712.71830 724.60575 0.00000
914.99028 535.70707 0.00000
-235.17983 605.61881 0.00000
726.52446 741.78068 0.00000
647.24443 796.25602 0.00000
791.99845 651.82267 0.00000
-201.06224 535.73343 0.00000
42.48777 823.54630 0.00000
-188.89409 477.33317 0.00000
838.42460 639.67899 0.00000
-171.62468 483.10209 0.00000
692.59416 738.67240 0.00000
-377.26627 427.09891 0.00000
-149.20723 518.61112 0.00000
-418.45075 248.47373 0.00000
-194.04216 641.39127 0.00000
-10.81801 730.82242 0.00000
91.62834 757.87565 0.00000
57.51078 870.85660 0.00000
-474.93900 289.17215 0.00000
298.86113 914.21561 0.00000
578.02641 803.18400 0.00000
422.18058 868.06437 0.00000
-416.85953 336.42972 0.00000
108.75737 893.40543 0.00000
-169.47188 475.64725 0.00000
-437.82618 278.02945 0.00000
-284.13320 469.08817 0.00000
-6.13796 770.67789 0.00000
620.52128 812.03483 0.00000
-288.53246 549.00980 0.00000
-209.48632 441.19193 0.00000
-222.30968 534.25834 0.00000
660.25492 766.72660 0.00000
-59.77138 706.29801 0.00000
78.29020 695.81388 0.00000
-364.81733 273.81473 0.00000
586.91850 829.71036 0.00000
-467.87212 217.73258 0.00000
-105.86992 738.51432 0.00000
-406.79741 368.19816 0.00000
-383.53754 250.37034 0.00000
352.26060 932.68131 0.00000
689.97331 774.65555 0.00000
84.28068 819.96378 0.00000
-273.64986 539.34232 0.00000
-117.24245 684.59220 0.00000
345.84892 925.96415 0.00000
-294.99093 495.98331 0.00000
348.75053 939.63566 0.00000
867.53459 582.85929 0.00000
-52.09609 703.58475 0.00000
393.58543 834.37296 0.00000
-127.86620 612.73111 0.00000
861.91850 587.17936 0.00000
-562.69002 106.33219 0.00000
-427.24926 238.09495 0.00000
-236.06905 531.83487 0.00000
-383.11634 322.57383 0.00000
703.26469 681.95804 0.00000
304.57084 819.38431 0.00000
-80.59765 765.67289 0.00000
-409.93305 313.40677 0.00000
-128.89580 684.88199 0.00000
-39.41317 689.25467 0.00000
698.25700 733.95719 0.00000
21.89555 807.42496 0.00000
-236.20943 458.63028 0.00000
-130.34661 661.25321 0.00000
32.80009 703.92728 0.00000
54.46873 673.05436 0.00000
-335.05219 313.98630 0.00000
-26.02822 696.55143 0.00000
254.72825 805.08060 0.00000
-151.78127 551.09086 0.00000
-209.25234 586.04667 0.00000
436.45475 831.10648 0.00000
813.90116 653.74564 0.00000
900.15446 510.65580 0.00000
151.95427 773.73356 0.00000
13.98625 692.67923 0.00000
320.57658 883.97489 0.00000
35.46769 662.33317 0.00000
395.69145 889.66483 0.00000
-492.30201 243.62681 0.00000
662.96940 718.62613 0.00000
-258.25249 418.11637 0.00000
120.59788 758.45524 0.00000
-336.45620 350.73343 0.00000
99.11644 704.58573 0.00000
-123.46694 660.93705 0.00000
-86.96251 753.23954 0.00000
524.76738 834.95243 0.00000
-474.75180 242.91556 0.00000
545.03202 756.08439 0.00000
-127.16417 699.21195 0.00000
314.82011 880.33976 0.00000
866.41130 604.77591 0.00000
-22.33095 685.30338 0.00000
-241.59151 515.23929 0.00000
-66.46389 731.08585 0.00000
-282.68239 479.96732 0.00000
182.60862 743.07145 0.00000
223.79307 895.35465 0.00000
-226.98974 606.22464 0.00000
-195.63338 462.23917 0.00000
-124.73055 630.01151 0.00000
-272.66707 557.43924 0.00000
-547.33944 116.50022 0.00000
-436.98377 293.65030 0.00000
273.82286 787.16800 0.00000
-14.56209 667.91764 0.00000
-557.58876 104.46189 0.00000
630.58342 716.88749 0.00000
-111.43920 703.76920 0.00000
178.44334 754.26688 0.00000
-383.53754 290.35752 0.00000
193.93437 849.09806 0.00000
702.79667 740.77970 0.00000
-64.12386 674.60856 0.00000
442.77281 872.72684 0.00000
40.24137 760.11478 0.00000
-35.48189 723.99979 0.00000
-25.70058 704.16434 0.00000
403.50718 843.25016 0.00000
658.66374 700.58182 0.00000
183.96580 902.96756 0.00000
865.99015 591.68387 0.00000
851.20109 560.65299 0.00000
-258.25249 550.56400 0.00000
895.80204 568.37125 0.00000
758.95732 677.34818 0.00000
528.69865 772.78531 0.00000
-72.96917 674.18705 0.00000
-265.41298 533.54703 0.00000
405.23881 862.58524 0.00000
-205.27428 454.67899 0.00000
-222.45009 601.77286 0.00000
-370.38659 444.59000 0.00000
189.02031 902.80948 0.00000
106.74491 855.84171 0.00000
866.03691 557.62369 0.00000
636.99504 783.87528 0.00000
-380.82311 250.68644 0.00000
72.11253 768.14908 0.00000
254.96226 797.15165 0.00000
-158.52053 676.08365 0.00000
-157.02294 657.51261 0.00000
-163.71541 638.99418 0.00000
415.90928 930.36319 0.00000
59.71037 722.97245 0.00000
-195.02495 649.16214 0.00000
-201.10903 599.74454 0.00000
-360.60527 460.07914 0.00000
-122.43734 604.82853 0.00000
694.13847 758.27079 0.00000
-402.07056 376.99637 0.00000
-135.44786 699.47538 0.00000
89.38194 806.97721 0.00000
392.50901 796.54581 0.00000
-8.89919 725.23795 0.00000
881.57475 583.83402 0.00000
-72.50115 778.42240 0.00000
-539.19615 175.40098 0.00000
497.66984 871.48881 0.00000
180.97056 742.64994 0.00000
-319.14000 423.93790 0.00000
-274.63268 443.29923 0.00000
-291.76168 511.97294 0.00000
784.41679 669.70890 0.00000
666.38578 684.96097 0.00000
-220.15685 521.29801 0.00000
-296.76934 405.91996 0.00000
-435.72014 270.44297 0.00000
-159.73735 646.36991 0.00000
-235.13302 607.35734 0.00000
508.57438 797.12528 0.00000
-12.36245 634.96378 0.00000
613.54802 823.30924 0.00000
420.07457 903.81046 0.00000
-257.97170 526.59281 0.00000
51.89469 719.78507 0.00000
440.05839 865.24576 0.00000
15.71788 646.36991 0.00000
-156.46132 534.12662 0.00000
372.43162 791.85685 0.00000
-338.70263 369.80509 0.00000
175.12052 820.38529 0.00000
237.50566 873.06937 0.00000
536.98234 842.90775 0.00000
606.90226 816.61844 0.00000
-20.13137 720.86515 0.00000
-234.75863 589.07596 0.00000
-107.03994 633.14628 0.00000
-519.11871 174.32096 0.00000
-110.03518 634.22623 0.00000
-350.87076 400.96769 0.00000
768.03654 666.94303 0.00000
411.18248 888.82181 0.00000
-265.36617 492.95402 0.00000
575.40556 750.39457 0.00000
-275.75591 399.20279 0.00000
-242.66793 437.74112 0.00000
316.27098 820.54337 0.00000
493.64506 787.43143 0.00000
686.55680 753.89798 0.00000
-31.50386 765.62027 0.00000
-254.22765 549.32596 0.00000
-338.18782 418.82755 0.00000
191.31352 917.19217 0.00000
-11.19246 790.35538 0.00000
560.47624 764.88260 0.00000
-551.41109 114.55088 0.00000
709.72306 751.47452 0.00000
-236.39666 435.08060 0.00000
-559.13318 124.13938 0.00000
-122.85854 615.10196 0.00000
-337.90702 401.25748 0.00000
321.93382 790.35538 0.00000
574.00151 851.89029 0.00000
620.28727 802.92057 0.00000
-358.21845 398.64957 0.00000
-441.05541 284.00907 0.00000
173.57609 879.65482 0.00000
-203.16826 517.71549 0.00000
-100.48787 717.17728 0.00000
563.98625 836.82267 0.00000
-89.81734 617.84147 0.00000
34.90611 859.95096 0.00000
-8.99282 818.98917 0.00000
658.47648 694.60221 0.00000
-361.12009 286.85404 0.00000
231.09397 902.20365 0.00000
719.92558 667.57523 0.00000
843.57267 615.12833 0.00000
-172.32671 593.00101 0.00000
-113.31121 574.85135 0.00000
505.95353 863.03299 0.00000
-457.66961 250.84452 0.00000
193.04515 859.29252 0.00000
294.97673 884.81791 0.00000
-207.75472 638.62540 0.00000
187.19505 855.23575 0.00000
1003.55204 1063.39493 0.00000
1014.44792 1309.03141 0.00000
941.71891 559.30912 0.00000
676.37272 1503.16800 0.00000
1044.06572 1188.71378 0.00000
705.92302 1394.38212 0.00000
972.92216 1358.62992 0.00000
335.02531 1598.89310 0.00000
1054.05082 840.49112 0.00000
941.92131 680.53605 0.00000
967.12004 1172.84232 0.00000
960.33964 1233.14579 0.00000
624.92936 1496.80301 0.00000
1014.88639 1249.63724 0.00000
610.82890 1550.45194 0.00000
1005.03630 1099.18851 0.00000
499.64384 1522.88358 0.00000
1053.84843 1209.25577 0.00000
968.67179 748.89933 0.00000
694.72355 1396.77933 0.00000
943.03447 653.33964 0.00000
974.50761 1027.47745 0.00000
731.72905 1384.42118 0.00000
289.14805 1637.91068 0.00000
1055.29887 982.17753 0.00000
944.55241 1112.62150 0.00000
634.34098 1568.84476 0.00000
900.15947 1382.56107 0.00000
1089.06596 920.71671 0.00000
1069.16325 908.93705 0.00000
370.61399 1584.30301 0.00000
934.56742 1272.65922 0.00000
888.72380 1223.63932 0.00000
411.97099 1609.51542 0.00000
466.38285 1647.04496 0.00000
1104.17851 1098.77518 0.00000
505.10868 1535.07645 0.00000
902.62199 1221.11808 0.00000
674.17997 1550.61722 0.00000
1028.44719 825.44632 0.00000
896.38127 526.20218 0.00000
484.96989 1594.18119 0.00000
972.61857 774.07059 0.00000
239.35765 1682.42533 0.00000
1034.28312 840.61515 0.00000
1068.96086 1139.94193 0.00000
980.84953 735.71439 0.00000
692.73332 1384.00785 0.00000
989.78886 1228.43387 0.00000
814.67924 1415.13089 0.00000
775.31242 1321.26566 0.00000
809.11320 1394.29935 0.00000
901.91362 1283.28153 0.00000
469.72245 1571.15946 0.00000
248.80302 1652.04618 0.00000
220.33207 1677.87870 0.00000
745.42472 1511.88920 0.00000
1071.86198 1009.62198 0.00000
949.91606 1116.29996 0.00000
697.35478 1553.88260 0.00000
314.61668 1662.33793 0.00000
696.88249 1488.41263 0.00000
840.51896 1444.02201 0.00000
982.63737 1337.01322 0.00000
394.09233 1657.95658 0.00000
531.62309 1503.70536 0.00000
287.19151 1648.94632 0.00000
658.12297 1469.35843 0.00000
56.05088 1744.87797 0.00000
454.84599 1561.28104 0.00000
1041.23210 1202.89066 0.00000
1039.98405 805.44156 0.00000
575.40886 1535.40702 0.00000
585.05656 1593.52006 0.00000
604.89177 1466.29984 0.00000
881.84220 1300.31034 0.00000
785.46623 1399.79667 0.00000
847.80534 1423.39725 0.00000
983.75053 647.75980 0.00000
918.71281 1200.49344 0.00000
988.33830 758.86039 0.00000
508.75187 1641.67191 0.00000
267.39006 1684.36796 0.00000
972.71977 1180.07535 0.00000
886.42997 1255.13444 0.00000
249.10661 1635.18265 0.00000
839.97917 1301.71561 0.00000
1092.03447 957.37821 0.00000
363.93480 1695.65140 0.00000
1023.82573 917.41019 0.00000
506.66044 1533.71244 0.00000
1027.57011 813.87333 0.00000
301.42698 1674.24149 0.00000
578.95085 1484.36210 0.00000
894.52592 1235.74967 0.00000
894.76213 1255.13444 0.00000
505.68217 1548.63334 0.00000
1004.36161 1284.93485 0.00000
1083.36503 1152.34159 0.00000
525.82096 1589.55204 0.00000
975.95817 1030.90799 0.00000
826.72197 1416.74271 0.00000
422.63072 1603.31571 0.00000
756.21940 1503.62284 0.00000
1037.89250 1128.41031 0.00000
1006.35185 1271.54325 0.00000
832.65910 1270.59256 0.00000
1069.19706 938.53080 0.00000
525.55107 1546.27738 0.00000
554.32560 1473.28495 0.00000
921.20903 1322.05106 0.00000
540.83219 1584.59232 0.00000
316.97801 1678.78812 0.00000
944.11393 1117.53995 0.00000
334.58677 1708.34037 0.00000
952.34489 761.29899 0.00000
346.22477 1651.13675 0.00000
571.05729 1579.05375 0.00000
903.02677 514.87723 0.00000
753.18339 1528.05008 0.00000
867.97782 567.53422 0.00000
542.45146 1623.69242 0.00000
451.91130 1661.96586 0.00000
711.05046 1534.53910 0.00000
724.98234 1484.44462 0.00000
405.79783 1556.19706 0.00000
671.88615 1557.06522 0.00000
348.88969 1648.28495 0.00000
963.40934 1107.53763 0.00000
930.75553 1357.10062 0.00000
782.09282 1391.32352 0.00000
959.96855 720.33890 0.00000
724.77995 1476.01298 0.00000
527.67619 1499.15897 0.00000
319.27189 1600.09183 0.00000
234.39885 1741.94339 0.00000
565.28886 1548.71610 0.00000
540.52861 1624.10575 0.00000
794.84404 1367.51639 0.00000
325.41136 1625.55228 0.00000
193.07554 1656.05546 0.00000
990.69963 1026.89872 0.00000
970.12236 1173.09025 0.00000
971.37040 682.97464 0.00000
398.47770 1633.48807 0.00000
570.78740 1611.66483 0.00000
155.29429 1742.97660 0.00000
1044.74040 930.55375 0.00000
190.07328 1749.46586 0.00000
998.76188 1186.39921 0.00000
979.46647 1327.67215 0.00000
944.18144 1170.36234 0.00000
680.79179 1509.03714 0.00000
981.69279 1290.67997 0.00000
641.12138 1590.95731 0.00000
796.96928 1418.10673 0.00000
579.08586 1507.75589 0.00000
1008.44340 1329.98673 0.00000
445.43443 1608.97806 0.00000
882.21330 1304.23685 0.00000
248.80302 1663.74320 0.00000
818.72721 1463.81986 0.00000
1029.66166 1001.64493 0.00000
393.85624 1639.52250 0.00000
512.73234 1554.54374 0.00000
625.03056 1516.84891 0.00000
1029.05436 885.79117 0.00000
245.42967 1724.74930 0.00000
544.37419 1604.39042 0.00000
1054.82670 909.14371 0.00000
855.26042 1428.06766 0.00000
558.06999 1490.35526 0.00000
868.34892 1416.74271 0.00000
1026.38945 1129.93961 0.00000
92.92137 1763.47733 0.00000
300.98844 1642.87040 0.00000
993.02726 951.75712 0.00000
866.18998 1314.94193 0.00000
917.83573 1190.20170 0.00000
992.35258 1244.38810 0.00000
266.95152 1728.92386 0.00000
584.31449 1601.00101 0.00000
1047.13542 1016.35904 0.00000
768.43083 1340.23710 0.00000
965.39970 630.19364 0.00000
356.07493 1633.73612 0.00000
418.31285 1558.05716 0.00000
78.38230 1771.24784 0.00000
1075.43766 946.87992 0.00000
538.63957 1551.85721 0.00000
186.16026 1752.44169 0.00000
350.84623 1627.37089 0.00000
1041.36711 768.94535 0.00000
1019.37297 1084.51566 0.00000
526.86662 1557.64383 0.00000
982.23259 628.74698 0.00000
791.97673 1371.89750 0.00000
887.64433 592.04423 0.00000
727.34367 1369.00419 0.00000
614.84306 1564.83548 0.00000
212.70835 1694.90751 0.00000
157.89170 1714.49881 0.00000
111.23857 1722.18680 0.00000
956.86515 1196.69083 0.00000
995.01750 963.78470 0.00000
363.86729 1687.34379 0.00000
789.34550 1394.71268 0.00000
947.41984 734.76383 0.00000
930.14836 683.42936 0.00000
622.02836 1579.21903 0.00000
978.85929 933.40568 0.00000
956.12297 1132.87418 0.00000
972.31498 1224.71402 0.00000
993.36454 1142.66984 0.00000
596.93071 1500.15091 0.00000
980.61332 673.96427 0.00000
884.30473 611.22220 0.00000
559.95903 1476.21952 0.00000
977.20634 739.72367 0.00000
582.05436 1590.58548 0.00000
337.85893 1618.11258 0.00000
990.69963 1183.62992 0.00000
860.52275 527.31815 0.00000
211.12291 1739.46341 0.00000
993.63444 977.87894 0.00000
868.61882 1416.16410 0.00000
908.52531 595.84672 0.00000
161.02891 1733.80106 0.00000
941.38151 1258.77164 0.00000
771.90544 1522.51151 0.00000
1048.18119 1171.72635 0.00000
1059.92033 944.15201 0.00000
1004.56401 709.84049 0.00000
302.97868 1680.60673 0.00000
965.66948 1101.50309 0.00000
953.28935 1279.47904 0.00000
1015.25749 1238.47757 0.00000
207.10862 1664.94169 0.00000
850.40275 1253.15043 0.00000
851.44853 1409.30301 0.00000
132.25444 1742.81131 0.00000
213.65287 1712.80423 0.00000
972.65226 1148.91105 0.00000
525.14628 1613.60746 0.00000
777.26896 1357.10062 0.00000
927.28105 1344.90763 0.00000
217.12742 1651.01298 0.00000
764.28166 1403.22709 0.00000
974.00163 1361.93656 0.00000
916.62126 1314.56986 0.00000
1003.14726 1291.21732 0.00000
881.30253 1226.07792 0.00000
832.59159 1417.48685 0.00000
813.22868 1394.21683 0.00000
666.25273 1418.89213 0.00000
702.48222 1479.15409 0.00000
901.20512 503.80021 0.00000
758.58073 1515.44364 0.00000
516.03825 1581.12040 0.00000
326.72691 1661.75931 0.00000
1073.88603 1213.80240 0.00000
963.03837 1221.20084 0.00000
617.74418 1463.44803 0.00000
455.41948 1589.59354 0.00000
850.50395 1419.05741 0.00000
601.07988 1481.22074 0.00000
458.65788 1623.40311 0.00000
1062.61906 1043.84488 0.00000
895.30180 499.70829 0.00000
802.83879 1492.42167 0.00000
95.31645 1761.28690 0.00000
598.24638 1510.02933 0.00000
548.99565 1603.27445 0.00000
857.11576 1275.42850 0.00000
532.26396 1632.70267 0.00000
507.23381 1639.93583 0.00000
1029.79655 777.33585 0.00000
1046.83183 1180.77799 0.00000
188.99382 1750.49906 0.00000
563.26493 1578.26835 0.00000
952.74968 1162.46793 0.00000
371.99705 1697.51151 0.00000
514.72270 1557.14774 0.00000
547.71379 1631.95878 0.00000
1099.11845 959.85819 0.00000
533.64701 1528.58719 0.00000
296.02964 1635.80277 0.00000
1027.67131 729.59720 0.00000
782.93620 1499.15897 0.00000
524.33671 1526.35550 0.00000
884.16984 488.05265 0.00000
1015.32499 1159.65738 0.00000
144.16227 1723.92264 0.00000
997.00773 1147.83634 0.00000
980.41093 1194.45890 0.00000
970.32475 1093.44339 0.00000
648.37407 1420.04935 0.00000
320.82359 1708.05106 0.00000
963.40934 799.90311 0.00000
1051.48710 1013.01114 0.00000
730.61589 1529.62064 0.00000
416.42381 1657.62601 0.00000
352.76902 1595.00785 0.00000
1053.27494 932.08304 0.00000
960.23844 801.59769 0.00000
1029.05436 1229.88053 0.00000
896.95475 1431.58109 0.00000
850.36906 1257.82096 0.00000
886.83476 1255.67167 0.00000
1093.85612 1125.26908 0.00000
457.51103 1583.93094 0.00000
81.89061 1754.63236 0.00000
932.34098 1185.28324 0.00000
1039.37675 950.18644 0.00000
1075.23527 1210.82645 0.00000
798.65593 1497.62967 0.00000
791.03215 1470.22635 0.00000
641.55986 1510.35990 0.00000
185.55302 1725.53470 0.00000
618.41886 1538.83768 0.00000
952.07499 1238.93229 0.00000
982.94096 1258.39969 0.00000
165.61668 1753.97098 0.00000
858.66752 549.22416 0.00000
591.49968 1522.84208 0.00000
975.75578 981.43351 0.00000
1062.72026 836.11002 0.00000
916.31767 1292.62259 0.00000
505.10868 1571.69657 0.00000
1099.42204 1125.26908 0.00000
1089.74064 949.15311 0.00000
862.54679 470.89994 0.00000
931.36271 1200.49344 0.00000
783.44218 1372.55887 0.00000
981.99638 960.89152 0.00000
567.31291 1555.99051 0.00000
931.73381 693.26639 0.00000
1026.11955 1229.01249 0.00000
860.99504 503.38688 0.00000
1042.04167 1037.64506 0.00000
656.36882 1525.85941 0.00000
21.17063 1770.79325 0.00000
1008.51078 764.60550 0.00000
852.42680 465.19608 0.00000
474.47880 1533.46439 0.00000
966.04057 846.44303 0.00000
1006.21696 1172.55289 0.00000
1012.55876 989.36930 0.00000
651.81486 1442.94730 0.00000
1050.64372 1242.56949 0.00000
1041.83927 1166.72513 0.00000
1064.54179 1035.78519 0.00000
958.75419 1297.83048 0.00000
976.83525 842.18583 0.00000
467.93461 1585.95633 0.00000
367.74662 1599.30643 0.00000
497.21513 1621.46048 0.00000
803.54728 1446.33646 0.00000
835.56010 1320.43900 0.00000
896.85356 1391.07548 0.00000
853.16899 513.05863 0.00000
703.89909 1507.26005 0.00000
1035.56498 1053.51664 0.00000
694.92594 1458.24027 0.00000
737.66606 1416.99076 0.00000
540.29252 1533.50589 0.00000
240.90940 1740.70340 0.00000
854.85563 1391.44755 0.00000
1030.23503 1247.98392 0.00000
1100.46782 1092.86478 0.00000
130.23039 1728.42777 0.00000
921.88371 1332.79740 0.00000
929.60856 1160.31864 0.00000
906.77116 568.65018 0.00000
665.74662 1472.74759 0.00000
972.95585 1040.91031 0.00000
885.41801 574.64335 0.00000
973.42814 632.67362 0.00000
963.81413 786.22220 0.00000
471.57780 1530.69535 0.00000
335.56504 1617.12064 0.00000
741.57914 1353.54606 0.00000
943.43925 1344.74235 0.00000
574.59928 1524.24735 0.00000
1035.12638 1251.45585 0.00000
561.51078 1581.20292 0.00000
1030.43742 1030.78397 0.00000
542.58635 1482.29545 0.00000
927.78703 1403.84720 0.00000
687.97697 1496.55497 0.00000
358.94224 1665.27250 0.00000
905.15202 1255.58902 0.00000
833.60356 1382.76786 0.00000
767.62126 1456.29764 0.00000
1059.24577 831.77006 0.00000
621.01628 1574.92045 0.00000
12.66984 1768.14798 0.00000
329.05455 1695.73417 0.00000
650.46550 1560.45438 0.00000
1058.13249 932.53763 0.00000
1072.84025 1157.26005 0.00000
420.87657 1549.74930 0.00000
691.99125 1492.38041 0.00000
997.17643 760.22428 0.00000
923.80644 631.26835 0.00000
486.35295 1604.80375 0.00000
350.71135 1605.25834 0.00000
968.16581 1142.09122 0.00000
1067.34172 876.40873 0.00000
742.45622 1469.02787 0.00000
891.55741 595.18546 0.00000
996.63664 828.67020 0.00000
367.67918 1700.03275 0.00000
459.83854 1645.26761 0.00000
1035.90226 908.15177 0.00000
1005.57597 837.47391 0.00000
994.00553 1336.84794 0.00000
801.35453 1418.80936 0.00000
866.32487 1340.07181 0.00000
333.06877 1693.99833 0.00000
1054.72551 822.84244 0.00000
936.65886 563.64908 0.00000
722.38493 1497.25760 0.00000
955.51579 637.96402 0.00000
591.26359 1482.54349 0.00000
151.71855 1761.45218 0.00000
956.96635 1348.13151 0.00000
269.65019 1711.68827 0.00000
828.77970 1444.06327 0.00000
886.05888 620.64591 0.00000
939.22258 1302.17032 0.00000
1047.57402 850.20426 0.00000
1061.74198 924.27128 0.00000
763.30339 1469.56522 0.00000
908.08671 1182.10062 0.00000
917.80192 1206.61051 0.00000
585.79875 1574.01127 0.00000
759.99760 1416.32938 0.00000
897.29216 1408.64164 0.00000
991.88029 1009.86991 0.00000
1015.72978 1086.00358 0.00000
780.84477 1340.52640 0.00000
951.67021 623.41520 0.00000
565.39006 1501.47342 0.00000
189.33116 1662.75126 0.00000
659.10124 1417.32132 0.00000
598.38127 1595.66923 0.00000
841.22734 1279.56168 0.00000
677.72197 1477.17020 0.00000
929.17009 642.67594 0.00000
457.88200 1607.98612 0.00000
1024.02812 1169.70109 0.00000
842.77909 1375.24540 0.00000
901.20512 1359.45658 0.00000
766.23820 1381.15580 0.00000
754.90385 1389.58768 0.00000
467.83342 1545.16141 0.00000
301.12333 1643.90384 0.00000
550.41252 1630.55350 0.00000
1035.86857 960.97416 0.00000
968.97538 1250.79459 0.00000
980.57963 692.81168 0.00000
851.01005 1367.72294 0.00000
538.90947 1557.10648 0.00000
1014.78520 1298.40909 0.00000
1073.11015 844.29374 0.00000
817.14177 1287.70402 0.00000
879.88566 546.86820 0.00000
1016.03337 700.83011 0.00000
396.92594 1666.26444 0.00000
1034.45170 1244.63602 0.00000
800.30888 1413.31229 0.00000
945.73307 1242.19742 0.00000
690.43949 1392.31547 0.00000
261.18315 1683.99589 0.00000
1041.23210 1080.29984 0.00000
972.71977 817.63456 0.00000
929.23759 1251.91056 0.00000
695.09465 1541.68949 0.00000
698.83903 1396.32474 0.00000
369.73692 1631.50419 0.00000
354.52317 1595.21464 0.00000
977.98222 983.00406 0.00000
645.64164 1445.05521 0.00000
983.91923 738.89701 0.00000
616.63102 1586.82425 0.00000
1006.72294 1316.76053 0.00000
554.35929 1601.62113 0.00000
25.99449 1759.22025 0.00000
996.06327 1296.21842 0.00000
561.64567 1475.39286 0.00000
979.39897 816.89054 0.00000
802.36662 1474.52494 0.00000
153.91117 1734.50370 0.00000
1048.41728 952.17045 0.00000
1028.54838 1184.95255 0.00000
644.86576 1457.62015 0.00000
1062.18046 940.22550 0.00000
61.34703 1755.62430 0.00000
102.50163 1743.84476 0.00000
